70
325 153
509 387
419 397
234 337
185 428
428 429
394 333
382 388
345 162
270 412
383 74
429 168
561 364
510 592
553 503
432 247
541 121
657 272
413 64
339 293
545 191
290 149
424 184
176 369
456 70
504 327
438 275
509 251
394 329
561 175
572 282
586 509
590 69
510 242
277 235
426 84
275 284
421 437
443 114
270 439
349 326
54 629
406 538
165 410
426 631
282 441
310 330
593 344
340 352
546 159
333 409
665 438
460 559
733 365
283 155
469 557
245 541
411 406
716 407
378 214
398 547
687 531
558 275
625 527
476 319
90 294
496 375
257 293
467 715
312 405
